4.291593 5.033487 4.280780 1.340443 6.070985 6.443535 0.523436 7.296532 6.609248 5.153774 5.617737 5.495216 5.392661 4.472559 5.501249 0.988433 7.608040 3.739826 6.910509 1.749630 5.426108 1.994855 5.515340 3.176313 7.589825 7.282529 6.409771 4.059703 4.835478 7.593893 2.551586 1.315373 2.085285 5.547293 3.244129 0.215906 6.673883 2.952612 1.610755 0.841468 6.990439 0.014547 1.606013 2.012457 0.622376 1.824865 7.854590 2.288542 
3.354215 1.459516 0.230544 0.486450 6.420702 0.516272 2.022396 2.767080 6.786740 3.294521 6.798416 2.106969 4.195948 6.273045 6.633779 4.365904 0.173291 5.584267 5.252908 1.648038 4.924151 0.482909 5.256714 2.669962 1.202227 5.118632 4.221903 4.935206 0.026020 2.447464 7.398537 1.158006 7.998738 3.499802 5.228114 3.798347 1.319566 0.522737 7.980772 0.059904 5.226809 5.345821 0.199872 4.271251 2.022743 3.915239 1.186021 1.568731 
0.282350 4.762448 3.633534 6.670648 1.460970 3.918482 0.264890 1.630287 1.776340 1.780279 1.998855 6.122594 6.057059 1.867487 2.908688 1.832057 1.962825 5.015308 5.994750 7.743077 2.996558 5.705090 7.088562 7.437440 1.509297 2.865551 5.890184 0.755052 2.598760 7.009986 3.504435 4.689278 4.491409 0.471837 6.345054 6.626173 5.165117 2.752271 7.084322 1.085668 4.434053 5.113147 4.618129 7.414254 4.663944 6.108099 1.264201 0.160793 
6.340117 1.830521 2.052276 1.125060 0.489918 2.346963 1.808346 2.401661 4.503823 0.794701 3.604766 3.834093 4.480643 4.862790 2.467475 6.392797 7.636914 4.565327 6.135536 0.604410 3.134377 4.898034 4.849970 6.090744 6.637514 3.731474 3.825816 5.763438 3.092259 7.436081 1.078455 5.255639 4.791346 3.871151 0.968288 1.196946 0.715845 4.129742 7.233202 1.126193 1.961511 7.921746 3.029232 0.848276 6.203971 6.258901 7.688385 3.323621 
4.729539 0.864828 7.342092 4.674708 4.397969 1.891198 5.793868 6.547402 1.189362 4.412318 1.301905 2.159148 6.134138 2.118732 0.079834 2.732567 2.362602 3.453215 4.727603 3.261614 0.088000 3.837046 1.298109 0.923794 0.740766 5.701194 5.546849 7.753940 3.632047 2.732596 6.975188 7.584926 3.855676 6.740793 0.086677 1.552632 6.141728 0.941399 0.203161 0.190964 7.297327 6.622138 5.948387 4.282353 1.087156 3.278657 2.552856 5.982579 
5.476636 2.310903 3.022881 2.458358 4.257584 0.192581 3.747550 5.983488 2.549300 3.739580 3.685431 3.909605 6.509770 5.168713 6.495557 2.871538 1.918030 7.542438 5.661566 1.115528 4.383747 2.832529 5.877092 7.444356 1.244588 2.024829 0.406228 4.286583 4.534269 1.227304 3.113654 5.142830 6.805728 4.148273 1.617917 3.346613 4.686033 4.577722 2.650537 6.192868 6.050732 6.122752 1.593685 4.541478 5.072816 3.576604 2.724349 0.134838 
4.284712 1.984242 3.535446 7.956595 3.369990 2.494204 3.055000 4.406830 1.960881 4.307193 4.203792 4.827319 2.280806 6.515511 3.799012 6.841361 1.861920 0.974987 7.489698 0.467116 3.781720 1.094203 7.604017 1.723769 0.685723 1.064958 2.949759 5.636778 3.716317 3.522140 2.368758 2.115589 5.421262 2.915015 1.166214 2.607944 0.969792 3.634868 2.234267 3.299357 4.026511 5.853115 1.606399 5.507785 4.572181 0.478304 2.687967 0.215927 
3.568340 1.589458 7.879505 1.117247 7.303274 2.657138 1.787314 3.248600 6.779830 6.927727 4.840598 3.497310 3.949403 4.310490 6.100250 1.727230 5.189084 0.810397 6.076596 4.897005 5.723100 2.802082 2.922845 2.672694 0.706862 3.665358 0.726053 5.964914 1.082551 1.582600 0.791656 2.558322 4.051239 0.101343 4.973791 1.889317 2.629139 4.091816 6.247255 0.623317 2.145397 6.416388 0.750144 4.857590 1.917299 2.139431 4.233987 2.683714 
3.093848 5.400773 3.035734 7.988601 3.360324 4.426793 5.814621 1.030638 2.788824 2.147166 1.787171 0.994615 3.890415 6.373150 1.706275 5.557377 0.689337 3.478615 2.019309 7.103844 4.106953 0.705421 2.905248 1.108780 7.696990 2.508534 6.004729 6.571696 0.846390 1.717726 7.178721 0.333942 6.893849 5.905297 5.662307 5.331133 5.720954 3.294460 5.006074 2.253822 4.665148 4.033173 4.971595 6.429426 5.946806 7.639325 6.483198 2.293758 
6.527302 3.116666 4.678323 1.992014 4.860744 5.309839 2.593635 3.238698 1.102771 3.628521 3.825475 1.215029 5.980959 5.252172 3.598353 2.479033 7.219575 4.988966 4.995629 0.512713 2.331109 5.855369 5.440626 2.955085 6.973960 1.660451 1.694971 0.299676 3.493591 5.711757 0.604020 2.242722 7.021421 6.880889 4.765638 3.995251 3.872823 4.728273 5.713607 4.320378 1.622359 2.618621 2.605144 1.885399 3.215579 0.191825 5.729481 1.512551 
1.797357 5.378672 2.950483 6.699892 2.850854 4.652672 2.658751 2.548018 0.401484 5.311645 4.758548 7.718101 6.088412 2.796857 4.203388 0.623618 0.004943 3.215412 1.159483 3.282121 5.864145 1.400300 7.613344 2.637388 3.224290 0.149154 5.233589 3.506673 6.143693 0.142081 2.644238 1.562038 1.118298 6.153167 3.573143 3.838000 1.672907 2.249242 0.736704 4.379831 3.875146 1.633695 4.042271 5.146829 4.929268 2.259653 2.208646 0.721722 
3.469851 4.654953 3.922509 2.026270 6.966766 2.905958 5.614334 3.721533 6.156562 4.749487 5.216770 2.709245 1.104713 2.405439 5.351788 5.760834 6.288025 1.628818 1.830209 3.119059 3.157767 3.093389 7.522172 5.000828 4.842450 4.820217 4.044362 0.989083 2.414496 0.369669 6.657037 5.647397 5.653356 0.567321 4.116477 3.598233 6.932055 3.976516 7.182134 0.947095 2.073757 7.448042 1.786744 1.649404 5.015240 1.651011 2.909127 1.578523 
2.534789 2.397068 5.554216 6.004808 6.300155 2.486917 2.632055 5.133921 5.135553 4.412338 2.210567 6.149888 4.069389 1.033012 3.255404 0.292359 1.620779 7.243385 2.666504 1.222784 1.980601 4.331458 1.603014 1.624312 5.446473 1.051900 4.296254 6.302005 4.022185 5.235983 6.251489 4.506776 3.715428 2.582237 7.900830 4.180606 2.765667 3.589834 2.165308 0.146018 6.414691 5.641030 1.314078 5.573024 4.640480 2.112277 0.273637 4.345764 
5.778156 3.433912 6.753316 2.901548 1.705147 0.363012 3.511803 5.198063 2.897949 0.599836 3.627323 1.323345 4.495860 4.938675 3.421507 3.749699 2.657541 4.557133 4.432503 3.415954 6.147036 4.789331 5.435480 6.822581 2.548683 7.807351 5.964734 0.367665 2.414416 3.246530 4.812123 1.643563 5.856642 2.341892 6.625912 6.350578 6.671542 1.584132 3.537394 6.746993 1.390506 3.536570 1.950959 1.402286 1.573646 2.416467 3.858782 2.439308 
1.896635 2.735966 5.789408 5.017390 5.263631 1.344832 1.327037 3.920974 6.777614 5.501385 0.871249 2.667173 2.417528 3.660080 7.847816 0.550749 2.649573 1.805899 7.918120 4.959070 4.211082 7.426630 5.536129 6.210766 4.528588 4.750362 4.252952 3.542460 3.419318 2.603629 3.379051 4.304456 1.455153 1.609405 7.211403 1.957152 6.556835 0.964715 7.179528 4.016700 5.289634 7.485987 2.411303 4.732651 3.689608 0.897204 4.134438 5.936572 
4.391029 2.930084 3.135970 1.310668 1.532820 5.970487 2.107139 2.167724 1.715902 0.518511 0.690479 3.460394 4.584545 4.085577 3.546281 3.593064 1.045627 2.211447 7.291240 4.508017 6.165581 4.923793 3.800888 7.702919 6.289124 0.505058 0.272271 0.580817 4.283747 1.778470 6.341864 1.598795 5.849454 3.538836 0.002818 6.184935 5.370170 2.166724 0.990546 6.780481 1.201816 4.464270 7.413103 0.111627 0.255684 4.976989 3.271711 6.073338 
3.305872 3.645052 5.787996 0.230550 5.691923 4.385986 6.798163 3.424236 7.618938 1.613554 5.311034 1.766339 3.074308 0.852676 3.205645 1.993646 0.334504 0.342303 4.067900 1.433492 1.146281 2.826555 0.877975 4.597429 4.671156 4.718011 7.106494 0.724061 6.756936 2.279103 6.530036 5.330195 4.446325 2.843388 1.575323 0.232995 2.059531 5.203465 2.129656 1.294460 2.699458 6.698359 7.543815 4.493623 3.622695 4.863165 2.640650 2.922734 
0.066223 5.842622 0.532733 3.184347 2.140865 5.767524 1.586140 1.195167 0.763178 0.014644 4.098595 3.552936 3.589702 2.581324 0.997062 6.494347 6.154082 0.275029 2.916618 3.597603 5.292642 3.014983 6.522108 3.503749 6.593869 1.457254 0.429026 1.175265 7.689196 5.388236 1.679689 2.839710 6.205834 2.501263 6.571542 5.240822 1.015679 5.264940 5.097733 1.465180 3.263032 0.993949 7.611268 3.877099 2.333141 7.461663 2.280368 4.508013 
3.458958 3.989480 2.828889 7.236989 0.162505 0.190279 0.901787 2.663183 4.300669 5.772485 2.465041 0.320178 4.153881 2.994601 7.612725 0.211230 1.708380 1.261372 4.807109 6.761952 3.362596 5.170063 3.100386 2.828004 4.972870 2.419334 4.093472 1.908362 5.180968 3.534303 4.804578 1.062052 1.480753 6.810105 7.067870 1.707642 2.008986 2.588623 5.334617 4.911822 2.809088 1.505385 0.434411 1.255102 6.290457 2.962453 5.961542 1.741598 
0.055984 1.162181 1.874106 1.361997 2.074935 4.258792 7.053610 4.977026 1.751333 2.830300 3.212469 1.289561 6.401011 2.025243 5.248180 4.033904 4.326543 2.328861 7.141564 6.235973 1.023136 0.671133 7.337338 3.325655 4.248992 4.410494 3.090169 0.120616 6.941552 1.098436 5.881357 4.915622 2.464338 7.285927 3.039652 3.323918 0.837644 1.952887 0.731082 3.675371 5.687257 2.782108 4.076122 3.413623 2.793875 6.022498 4.314980 1.223113 
1.268860 1.833297 7.032848 7.935414 4.260975 0.823599 5.518647 4.352138 5.713509 0.394963 7.904988 5.783572 0.085616 5.974484 4.413801 1.830820 6.371665 7.050558 5.108335 3.140951 3.162269 0.391157 1.915364 6.132930 3.289688 3.817552 7.271641 2.469491 2.242189 2.924110 6.231079 1.631038 3.999280 5.979288 7.709104 6.951762 2.828710 5.466961 1.138735 2.955954 6.424191 3.103495 6.584591 4.289711 0.251651 7.373726 7.575824 4.705272 
3.041652 7.405275 7.408039 3.608347 4.607588 1.003598 4.328233 7.365258 3.237659 2.312619 0.944733 0.963517 3.150064 1.087034 5.773415 1.053451 6.336792 3.334803 2.198450 1.720930 0.696305 1.877820 5.321091 5.173718 1.574702 3.540227 1.801371 4.943471 6.105780 7.632439 1.131621 6.066962 4.243660 2.878235 6.486010 4.531955 3.449626 5.656360 2.016549 0.611316 7.300993 2.518153 2.243502 6.199834 7.417490 5.132064 0.159284 5.561498 
7.675494 0.268804 5.071622 4.639313 0.090893 5.107231 6.273079 0.418238 4.576455 2.218650 1.028770 4.079380 6.885279 1.288105 3.330955 1.164419 4.939394 0.099097 1.991673 0.831038 0.230746 0.944730 5.587998 1.418906 2.193953 5.861395 2.522709 2.154363 3.269457 4.942198 5.232791 6.636307 5.764985 3.673344 4.021357 7.812713 6.627942 2.741115 6.717411 7.301553 3.478646 2.407873 3.939866 3.292993 6.844190 3.787872 4.485637 1.142067 
4.981975 5.899243 3.124519 5.123424 5.587132 2.245222 5.354422 7.166264 1.026169 5.883776 4.539289 4.856600 7.941673 2.966242 0.198680 0.851774 1.442613 3.459877 0.101737 6.173149 1.845837 5.112221 7.817354 6.909390 2.827651 0.940977 0.667923 7.146248 3.403789 3.991036 6.071329 5.720488 0.381896 3.532285 1.543538 0.430178 2.697066 2.235471 0.069232 2.487902 4.164256 3.003577 1.023216 1.542669 5.142068 0.826888 6.892234 4.576680 
5.598819 1.823886 6.951970 3.654659 6.008015 3.381881 0.726977 1.218745 5.080686 2.747923 5.986227 6.980130 3.133804 1.451280 2.195628 6.248071 7.693345 2.944264 4.086158 3.585672 0.427852 2.560229 3.394671 6.045078 6.655052 2.528054 1.994611 0.896520 1.916160 7.847439 4.357381 1.430062 2.936592 0.372878 5.315480 0.572940 4.687778 4.622845 7.374190 1.660248 1.363571 2.028119 0.790768 3.874433 6.142904 4.357566 4.419713 0.105211 
5.502928 3.600006 7.810908 2.204514 4.807085 7.978875 4.595055 4.374363 7.024040 0.097283 3.984458 1.371031 5.024474 5.702784 7.942721 3.508098 3.352462 2.623849 1.640356 2.982362 4.177675 3.370592 5.116511 1.145421 7.173060 1.208103 5.894521 2.455421 7.082049 3.985890 2.250722 2.138709 6.803260 2.997731 2.841358 5.522305 6.148921 5.132566 4.674340 2.331360 1.430442 4.177178 3.018148 1.244637 4.511391 0.301703 3.953256 5.479923 
3.160898 3.015063 7.209158 4.527875 3.314265 4.142858 2.244363 3.667937 5.250933 4.805819 2.449558 7.522338 6.195818 5.454342 4.446628 1.579047 4.189058 6.675204 0.393174 1.256961 7.801329 5.750745 1.328797 4.276359 0.691502 5.693118 2.245686 2.566286 1.462788 1.713039 1.189394 3.224783 3.661353 5.429629 2.531853 4.748782 6.201911 4.297219 2.682160 1.479233 4.983956 5.856163 4.304260 0.286195 5.404845 7.219978 1.820890 6.374357 
6.613742 3.352058 4.225309 0.179370 7.363468 4.127864 6.761786 0.148594 2.927575 1.370411 3.397363 2.691480 2.250545 5.337773 4.490182 4.582678 5.325170 5.979203 0.488893 4.278383 1.165917 0.039040 5.854464 1.918965 1.217985 6.915916 3.252002 4.367081 4.477477 2.380210 2.266147 2.115172 5.893518 4.222605 5.683379 0.821578 7.307397 2.284757 4.136169 3.603990 6.736571 5.156355 6.633741 1.219732 1.802072 1.080659 7.998872 3.280660 
2.136427 2.662214 0.678528 2.379093 3.496629 2.591369 2.500057 5.098328 4.193763 0.176766 0.204757 3.439117 6.833039 2.480650 5.027143 5.559748 1.006919 5.517587 4.311712 3.451959 7.011112 0.214247 6.469041 1.259215 5.289927 1.352794 2.280913 0.716774 4.645885 2.430623 5.768756 2.373451 2.671539 3.898555 0.210527 4.489328 2.798380 1.725335 4.123727 1.544402 0.396384 1.353383 1.450857 1.513924 1.275136 3.846696 5.848412 0.146981 
4.546715 5.098460 1.486162 3.046318 2.922880 2.811236 6.578152 4.839739 6.451336 2.110562 5.101909 3.911995 7.544752 4.682600 2.205682 3.855867 4.011496 0.317335 4.647941 6.962329 7.163320 2.946748 6.426057 0.235444 7.598187 0.520697 6.193137 5.930075 0.996605 1.924329 4.410265 1.802387 2.035162 5.229820 7.325640 5.751643 5.027980 0.560058 5.280035 2.373982 2.421688 6.227711 3.526101 6.796214 2.048760 7.275042 6.006292 3.402160 
1.506208 3.911277 6.445253 3.501469 0.680159 5.459555 6.313595 1.323826 1.838688 4.904420 2.752684 5.596219 1.833548 6.368038 3.987267 4.540652 5.580687 4.344697 5.779014 2.255037 0.146275 4.104843 2.314363 3.039384 7.670904 7.792861 2.741357 7.389054 2.908132 1.505418 3.402018 3.262229 6.920368 5.568047 4.108663 2.431648 7.658964 6.363054 1.739323 1.155891 7.215587 4.561636 7.455849 3.487045 4.948168 3.447794 0.437848 0.192682 
1.925386 1.157066 2.554025 5.537648 5.408484 4.345358 0.415932 1.262198 3.006222 1.229710 6.727753 5.321898 2.861945 3.279917 6.794967 3.185035 4.846976 6.073753 0.820493 2.694803 1.810075 3.984538 0.733615 3.909713 5.535441 0.195080 7.179149 1.593068 1.884123 2.478524 1.569448 5.041777 6.867050 0.635687 5.775048 3.181740 5.864571 6.319627 5.242609 1.293712 0.198229 0.136034 4.163333 1.140917 7.729638 6.406527 7.928428 2.435873 
0.288347 0.188719 1.512177 0.479828 3.888192 6.114873 4.503079 2.961032 7.014597 2.904962 7.830786 5.470516 7.325565 4.392598 0.744715 1.400585 6.499790 5.033458 4.550903 4.739666 6.826981 1.265449 6.908190 6.181484 7.193461 7.413609 5.658839 1.802679 5.213395 3.757115 3.380346 2.412928 7.772747 2.033637 5.902956 0.783868 2.088120 2.852804 3.159574 3.679412 6.000088 2.828424 7.881575 0.435778 6.333978 3.873356 6.617418 0.033530 
5.851480 6.374023 6.448411 4.346999 1.842701 2.728878 5.235811 3.275209 7.590125 4.395671 1.526681 3.851937 4.737495 4.285866 6.967791 3.193348 2.352499 4.760083 4.626401 7.051242 6.928751 0.870866 5.541866 1.751735 1.502558 1.616670 3.455513 6.788367 4.641946 2.240538 4.700182 0.873847 3.773282 1.726020 7.514433 5.539048 3.870038 3.542974 2.792846 2.226516 0.584808 7.807641 3.252604 5.370484 0.689564 3.118631 2.723239 3.328792 
2.154142 1.127241 3.052741 2.030204 5.234367 6.854547 1.936284 2.395329 5.964748 5.874392 2.290924 4.280705 4.040651 5.590738 6.067710 3.127590 0.514735 4.881849 3.421140 3.171833 7.926183 3.628766 0.689344 0.302883 6.062314 1.106459 0.872167 2.681200 5.260024 2.106061 1.805742 0.067206 1.904744 5.328811 3.497161 6.888103 7.900532 2.512719 4.184629 1.714251 6.409064 2.036701 3.868528 0.759090 1.757965 6.460406 7.290031 0.895016 
4.297268 3.818722 0.891424 1.418547 7.248349 3.325976 0.668704 4.310354 5.521347 3.282486 3.987317 6.436600 3.736017 1.761189 5.059235 7.144601 1.780240 4.384487 3.051658 2.562324 6.405219 1.946911 7.813053 6.354477 6.349247 3.834670 0.600624 0.456053 0.034658 2.359336 3.135380 3.865355 6.522343 4.926678 2.394498 1.625867 4.872517 0.203248 2.601965 5.348868 4.756841 5.473993 1.803329 0.648971 1.109729 5.285543 1.456267 3.116536 
5.203626 4.550826 6.256322 1.890748 6.957118 4.435492 7.186797 2.202151 1.115578 1.351142 3.444498 6.386380 1.677232 0.238810 4.502606 6.018846 2.757661 1.212249 1.774263 5.224044 1.094809 4.113978 5.340752 0.881968 4.474429 0.272104 0.897110 2.444229 0.342401 0.077010 1.945212 2.136012 6.859139 0.770268 3.259909 3.914042 3.494197 7.637673 3.766444 1.202093 7.062462 3.288655 5.104712 1.920826 4.077972 2.809519 1.489148 7.758976 
1.797095 5.310000 6.509492 6.123990 6.325761 2.871769 0.248565 2.048314 0.787225 0.618716 0.723239 4.087484 5.163187 1.773813 3.810162 3.805387 1.509720 2.416186 4.423085 0.978671 5.201372 2.928772 0.406500 7.137710 3.873174 2.159725 1.002510 6.149136 5.383546 6.451443 3.199854 4.967758 2.485186 0.260431 5.480372 0.286281 6.369082 4.054067 1.965016 1.238144 5.205982 4.284445 2.779766 2.407024 3.158059 1.357334 2.655695 3.827076 
0.592280 2.859014 3.663108 2.278183 0.874995 0.170849 5.169757 6.978308 3.982563 0.061264 1.684304 3.346494 2.586671 2.059388 6.061674 3.453093 1.284028 1.647061 2.516740 5.892929 0.987282 5.658807 5.594651 5.105323 3.447304 1.119453 7.848899 2.545729 5.864671 7.911290 4.027256 3.340220 2.928981 0.006693 3.705412 6.164299 0.321992 4.291319 2.831003 7.052782 7.203780 7.123785 2.033015 0.781262 2.678283 4.457359 2.896922 3.224025 
0.051416 6.584743 6.634194 2.176704 0.685432 4.405050 1.272224 1.952898 5.750181 2.906033 1.503391 3.657645 2.927858 0.675882 7.965195 1.936521 6.441658 6.610076 5.532488 1.499807 0.715299 5.692782 7.388184 4.142165 2.900641 5.881457 4.000200 1.582820 4.233454 2.808816 0.120942 0.058796 1.557804 0.913257 7.067695 3.126806 7.280386 5.485609 2.941039 2.095989 7.315581 0.601966 1.779193 4.818406 3.232873 3.239408 0.418680 1.194263 
2.599766 0.499718 7.067397 4.689369 5.550062 2.532892 3.620485 4.702621 1.966206 1.369363 0.949522 5.787351 3.269217 7.356351 7.346912 1.528788 6.151044 0.165016 5.005124 0.550802 3.221030 3.458112 3.347130 6.053256 2.325034 2.326498 7.281147 0.423170 4.452147 2.917746 0.106951 0.722816 4.309828 7.739279 3.565836 2.190939 5.974425 1.305664 5.422312 3.833938 6.850416 2.723188 2.395949 4.249429 1.127715 1.904061 1.335883 4.198213 
0.606515 2.198234 2.873387 1.523168 0.028790 4.234144 4.005605 1.199938 3.498911 3.628150 3.809675 2.492327 6.569613 5.525224 5.564561 3.534149 4.332327 5.597189 3.351223 4.870555 4.520709 3.337763 4.875498 4.477167 7.776084 4.020943 1.929275 3.405857 7.699548 5.038693 5.014512 0.502906 2.672420 2.619226 1.254891 4.204174 4.971548 2.238761 6.402974 4.201958 1.960157 1.015537 6.710481 1.953438 7.082859 2.888491 0.709712 3.320859 
6.230200 3.433267 0.634053 4.600047 2.545470 1.949554 1.988000 3.934444 3.830057 5.804709 4.889738 3.568113 4.952538 1.092407 1.645648 5.208830 1.355816 6.350708 3.928629 3.126887 5.995260 1.869724 4.203645 4.871797 4.661832 2.479137 1.589580 2.733939 7.073771 2.389961 1.060883 1.623606 4.052986 1.522242 5.962798 0.864624 6.977821 1.201082 5.522881 7.202792 4.697781 6.611067 2.691814 3.119848 3.418519 0.618354 5.452621 4.762555 
3.009747 3.382204 6.543050 0.240628 0.157002 4.898831 1.164324 2.231731 0.897034 3.443764 0.408332 0.070322 7.840930 3.034534 6.212923 2.300019 3.549598 4.360580 4.257697 3.275411 1.146603 0.900113 6.512442 4.259355 2.011540 1.525093 4.832933 4.298609 0.925113 6.306921 2.177699 4.302684 5.052383 2.453041 5.760086 3.520758 2.661532 2.405803 7.921433 0.652250 2.215787 0.161220 7.631556 1.847666 3.666305 7.158714 3.328018 1.452132 
1.847773 2.941618 3.557719 6.430925 1.280530 4.203028 3.860128 1.762000 1.930893 5.327401 0.641301 7.426539 6.979860 0.494634 0.698729 3.400674 4.406091 4.168791 5.502365 3.125178 3.290821 0.582756 3.283399 2.999088 2.334548 1.199645 4.992949 0.957860 3.193191 4.117316 6.041160 5.765881 0.472826 2.353069 6.343895 1.661549 4.379315 2.903969 3.264827 5.211742 7.123374 5.006905 6.726411 6.575613 5.107011 2.039430 0.091174 5.686309 
1.206371 0.456390 7.671113 4.397326 6.775660 3.518545 0.345441 2.199375 1.175276 2.911802 0.144506 4.805775 5.468786 1.154912 1.692266 5.610406 2.143816 1.873457 3.903755 5.433432 4.418445 0.558189 4.024296 2.824548 4.365959 4.478597 7.371994 2.306190 4.474712 1.722887 5.768431 2.604258 5.994881 0.289396 0.150538 0.730111 0.444564 3.849249 2.688946 5.073916 3.194095 0.653760 5.715346 4.243628 1.642815 4.041284 3.347249 1.746298 
6.858184 1.166430 6.296373 3.182399 4.552623 2.013218 4.302476 7.520846 3.490058 1.954025 4.795467 5.107091 4.598398 3.099775 2.341239 7.012038 1.242730 6.653738 3.562348 3.391834 0.437046 2.412714 1.092687 1.360251 2.569541 1.429419 6.444996 2.078410 0.906497 0.283692 4.683698 0.643725 6.749241 7.542603 5.446973 4.012386 1.588157 2.674252 2.245938 0.071465 3.675182 0.472890 2.643443 2.614898 2.723895 5.778595 5.500095 1.516987 
6.075786 6.179834 0.300508 0.210652 7.650578 2.290057 7.916182 1.161221 4.804492 2.101717 6.426722 0.240798 5.018635 5.179317 1.892624 6.291811 7.909457 0.032108 3.554913 2.036881 1.625025 0.471380 3.973231 5.375525 5.585925 4.169784 5.304083 0.286818 0.097571 5.970317 4.431113 1.099731 6.562200 3.118331 3.149180 0.890967 0.398647 3.777541 6.694045 4.154151 1.041293 4.814165 4.491765 6.425229 3.543527 3.664398 5.488156 3.093638 
3.781266 4.515806 4.151192 6.064353 5.997677 3.467259 6.595423 4.564759 4.304204 2.409886 7.413774 0.806637 2.272552 2.053717 5.164324 4.062183 7.649127 3.568540 2.697755 4.056967 4.310203 7.428419 3.047358 7.274692 3.103748 2.674917 2.802407 0.109487 6.166396 0.072833 4.292756 1.189133 0.837053 2.474736 1.763455 3.021879 6.377693 1.188014 3.244202 1.655243 7.709126 5.242834 4.651021 5.121675 5.510209 1.913286 1.855933 0.744601 
5.215011 0.650007 5.922690 2.535115 2.725133 3.652602 3.629279 2.843653 7.678814 5.130649 2.698883 2.480334 5.933607 3.586909 1.832126 3.248477 4.099100 3.792999 6.475069 4.743667 7.153066 1.831143 5.294109 4.367272 4.846618 2.745714 3.781593 1.695218 0.115908 4.678504 1.017872 2.278151 1.250467 7.492329 2.459027 5.072060 1.263513 0.944210 5.305868 1.662514 7.331247 3.901279 2.872970 6.258892 4.143746 0.468452 2.787457 1.115401 
4.583342 2.411039 7.714407 3.052290 5.908312 1.744723 2.132609 4.083327 6.865791 3.795911 6.038838 4.917693 0.544421 3.013453 7.333810 0.074467 3.200224 3.735943 5.672706 3.251982 0.134674 5.960745 7.160418 6.225570 6.908707 1.619780 6.711225 2.705567 3.891208 4.554664 5.053000 4.201518 4.735609 5.104127 7.002821 5.056398 2.806111 1.742339 7.460399 7.191190 7.971519 0.926404 4.573830 0.871618 7.879480 4.367224 3.509128 2.716750 
2.605664 6.382322 3.460520 0.312897 1.984669 3.836436 4.216464 2.318603 1.433312 6.038750 1.862887 0.084898 3.793279 4.970201 1.714677 2.776087 3.652639 1.357025 6.810277 0.802881 6.390620 2.142122 0.508839 0.000312 0.450024 1.177985 1.516678 1.466741 2.594149 2.122192 7.524253 1.871459 4.543118 3.510202 7.651664 3.279444 3.726765 6.441873 5.358661 2.560122 2.590897 0.978044 0.976237 3.592298 3.295034 2.945898 0.608033 2.421763 
6.583889 1.561284 5.618654 3.320665 3.000523 7.326441 4.759605 4.196937 6.809455 3.692842 0.698528 1.593841 1.302527 5.526880 6.497549 2.624412 6.239443 0.514481 5.515437 1.409434 5.734029 4.841087 1.044983 2.862064 3.555022 2.306733 2.000095 6.877120 3.331976 3.420771 2.256469 3.109457 3.775869 4.612971 3.934610 6.961826 7.382671 0.330932 1.019308 0.290470 4.830401 2.185078 4.362761 3.110245 4.859183 0.461148 6.844415 5.528474 
7.575669 0.877784 5.038000 1.835312 3.924401 1.564212 4.320737 2.752849 1.783269 2.471392 4.123642 5.730248 2.899816 2.338973 2.958094 1.120207 6.027398 6.911156 2.230169 3.573735 1.414699 0.675623 6.367710 1.492607 4.322959 0.599476 2.745959 5.514276 5.010039 7.067417 5.384156 5.860892 3.164083 6.817975 5.764485 3.205677 7.753081 2.793036 0.068466 0.308781 4.146833 4.009646 6.420508 3.986605 5.340509 4.353183 7.085548 5.513240 
3.643756 7.015936 0.911448 2.654296 7.228119 0.027589 2.110671 2.350446 5.542315 0.074976 3.796652 3.094410 1.776089 1.366659 2.568437 5.173634 4.518898 2.318732 5.208535 7.134731 7.969449 3.590412 2.050490 0.297383 6.679436 6.723940 5.719704 3.582355 4.188127 5.911090 7.770510 2.393573 3.292082 1.963350 6.606361 2.116496 5.227997 4.684704 7.405726 1.190305 2.826845 6.356583 5.781498 5.984174 0.475403 0.111354 5.743447 1.345795 
3.531306 0.470404 3.180769 2.734181 3.146092 7.717817 1.921649 6.936859 4.637217 0.402449 6.362477 5.480965 6.172120 6.572122 2.213855 4.863223 2.443632 0.535521 4.186007 1.485187 6.418680 4.378199 3.231212 3.900944 7.314403 3.819708 5.280043 5.785416 0.185063 5.457698 0.701677 7.173250 1.335510 1.453375 3.075786 5.641549 2.216017 2.021279 7.559255 4.869693 1.621116 5.785487 6.106471 0.180402 6.597560 2.101218 0.023813 4.322754 
0.832392 4.495307 1.574563 1.348819 7.704863 3.629178 4.608513 2.207186 2.700434 5.328312 7.400708 2.576074 0.381548 2.019465 2.363516 4.146338 1.651489 2.327644 1.411871 3.283873 6.579928 3.116719 4.926076 1.072704 6.105073 2.164482 0.176976 5.692661 4.330793 3.278257 0.098541 3.683793 4.340759 4.470925 7.757788 6.066216 7.690048 4.881955 6.840285 1.237184 5.372370 3.018205 3.154792 2.378250 6.370387 0.336213 5.423641 4.241108 
1.562367 1.517027 5.998667 6.132133 0.204276 2.438541 2.678683 3.089081 0.058475 3.583003 3.831870 5.458475 1.203749 4.119130 0.493661 1.386766 5.021396 5.780559 0.914257 7.896755 6.877252 5.456472 4.928785 1.051202 4.252265 2.176637 5.880798 4.557354 5.698176 1.959175 4.188551 0.434547 6.835276 3.858007 7.782319 2.935935 7.664981 4.434932 4.188688 3.296734 6.857679 2.520910 3.008894 1.241326 5.599720 3.522792 1.025702 0.275500 
7.208493 0.499630 4.865114 0.942703 3.730808 4.285868 3.812024 1.075801 1.369225 7.095807 6.077112 1.200880 1.227140 3.599108 1.690264 5.075771 2.385931 2.792386 4.009471 3.147003 2.663169 0.887716 3.670112 7.697235 4.462128 2.032093 5.781142 5.723652 5.578274 2.783280 3.452427 6.380124 6.103658 4.149025 3.026428 1.862616 0.085881 5.692117 2.061323 6.157527 5.965909 0.015104 6.764730 3.337570 4.813295 3.993913 6.921729 1.880023 
2.213558 3.218541 0.703424 1.213859 4.131496 2.726867 6.507396 2.733943 4.448788 0.659306 6.501845 0.537415 5.830394 5.623937 6.665609 4.695530 5.263785 2.768336 6.137599 3.728087 1.550326 4.141960 1.789642 1.050774 2.490140 4.652997 0.998042 6.722771 3.082761 3.685962 4.872628 4.041856 4.822291 1.862865 0.496816 2.746994 6.090267 1.824908 3.193837 0.512073 0.078992 4.151548 2.086791 2.161578 3.633879 4.894650 1.632014 7.871078 
1.608210 6.114503 2.238542 2.354508 4.727587 2.904013 6.036014 6.550753 6.288410 2.143136 1.915216 3.377177 6.603207 3.821351 4.975692 0.587844 3.720715 3.331398 6.359188 0.314673 4.348783 7.731683 0.721347 2.211835 2.430314 4.605616 5.082622 4.013030 7.549323 2.541340 3.754030 6.805194 6.801590 5.318541 7.685029 3.760195 3.387809 2.268665 0.529474 3.897397 2.631732 5.715322 5.207271 5.559938 5.967236 4.674186 2.341347 7.087519 
1.690067 1.002304 3.331686 4.322461 7.382367 4.520078 3.382336 2.837217 5.614361 2.461145 3.316879 0.455693 0.590286 1.297923 5.115244 6.172132 4.588339 2.682291 5.999940 0.922483 6.252070 6.740839 5.358326 4.653357 3.160285 1.706997 4.476322 5.122611 4.386930 4.058893 5.397650 3.392023 1.719131 4.047274 6.914587 0.398648 0.989891 0.202672 0.229077 3.593481 4.833207 0.990798 2.176320 2.165948 2.437302 3.230923 0.893327 2.253825 
3.096866 2.469149 7.134107 6.863871 6.332566 2.521210 4.193621 5.960035 7.814376 3.722913 4.496409 7.405948 5.615515 3.607767 5.583400 1.462283 6.870244 5.804702 5.823112 5.151035 4.417769 0.256129 6.651662 0.696813 7.745335 4.862742 5.543147 6.272433 5.674226 7.383251 2.611968 4.376382 0.819841 2.295907 4.069662 3.838000 5.300342 2.577707 5.603854 0.386963 4.255698 2.794216 1.751259 3.063720 4.440589 1.817135 2.353110 1.572976 
4.384512 2.782159 1.765264 1.162753 6.437447 6.001389 3.943755 0.896874 2.603924 6.402012 5.020935 6.544006 3.937437 6.620878 3.409667 5.634201 5.600296 2.876611 4.968895 5.289468 0.385104 3.620292 5.222380 0.545027 2.778797 0.644477 3.256400 3.365925 5.091392 1.878308 7.006475 2.962303 4.343863 4.345527 5.949372 7.170495 2.618839 2.472337 2.213957 5.347539 3.237593 4.528902 3.600293 1.928132 0.354612 6.587066 2.219466 3.768270 
7.277474 2.398907 4.376180 2.604005 6.301007 0.170404 4.134161 0.361064 7.103810 0.857165 4.004396 5.896917 3.969783 1.603602 3.772190 4.612674 6.283847 1.645373 0.807808 0.428544 0.158665 1.384701 2.629850 1.394324 1.595648 3.107677 3.046602 2.354356 0.407468 3.348841 2.790010 3.815314 1.285646 2.005929 4.836998 5.198930 1.915032 0.334607 5.482476 0.816517 6.253015 2.891378 6.378511 4.965723 4.843253 4.231476 0.809028 4.511711 
0.930559 0.752948 7.421677 3.717056 4.966423 1.131260 0.706289 4.123649 1.520607 2.445186 1.459666 4.889411 5.745405 3.431671 2.210281 1.762897 2.978812 4.134725 5.695732 0.130354 5.152683 6.297552 3.076641 2.675797 4.380245 7.150523 4.891998 2.669174 2.630606 7.811672 6.244167 4.655807 7.195372 1.805608 1.643739 3.654882 4.018156 5.301430 4.001554 1.923897 6.339835 1.167123 4.435726 0.005217 3.029017 0.832930 0.494632 3.046584 
6.264864 1.106479 3.151329 4.857917 4.506850 0.117077 1.530594 5.950265 2.432778 1.202257 6.819063 3.031826 1.380957 1.042115 0.474823 6.009039 4.266410 6.509153 5.218273 0.967368 3.791346 3.072934 5.514644 6.661645 3.548406 5.780452 5.843056 4.752953 5.544827 7.733777 0.305253 1.489368 0.121484 0.248376 2.587393 6.242034 6.353204 5.781126 1.650631 4.873334 2.799160 2.163365 4.283639 3.934066 5.015310 5.577064 1.625962 2.842477 
2.800435 1.110878 3.808853 1.427970 7.557064 4.200177 3.335484 6.850284 2.062370 6.486189 4.537368 7.107155 1.740818 4.411926 6.409465 1.507742 0.714724 3.940120 7.837828 0.648950 2.595328 5.571753 5.805775 2.472820 4.860814 3.946580 2.354033 3.468019 5.034113 1.651255 2.645371 2.213804 3.807891 3.736177 7.495890 5.485366 3.731341 2.739313 1.700354 1.043805 3.305128 0.178080 7.025546 2.607455 1.612837 7.531158 5.672119 0.840133 
4.192309 3.438038 3.038722 6.675508 1.088822 1.626619 3.952275 4.706168 2.021046 0.757893 3.105118 0.821139 7.291590 3.012261 2.073631 3.132660 7.896534 1.680552 6.390964 3.934567 4.962623 4.144429 4.468548 1.139577 6.051874 2.647773 6.764676 1.850755 7.015008 0.606512 5.480690 1.453040 5.609279 5.430782 6.073332 6.789254 3.719178 1.922513 2.092084 7.203835 0.784008 0.494320 7.032450 5.147011 4.897269 2.625053 2.921338 3.868901 
4.810000 4.360831 1.559162 3.647380 2.373615 4.298840 6.518513 2.055099 7.093305 3.986065 2.356199 2.737154 5.113779 5.992762 1.133402 2.454310 0.214858 5.521025 3.462297 2.186032 1.767682 6.764858 0.434879 7.211145 4.203349 3.114659 1.876983 1.633176 0.830711 0.119334 4.153180 5.265163 2.458042 0.581559 5.399700 2.253374 0.663966 1.217601 5.338836 0.449798 6.334896 1.039692 5.813711 4.997309 6.443623 5.974265 7.000516 5.019106 
3.060529 0.417511 3.146510 2.407615 4.855534 2.119580 3.868556 1.479846 7.472441 5.480752 5.923041 2.059942 5.705375 3.297714 6.416388 7.966278 5.442324 6.566932 6.201327 5.684800 3.889364 3.214597 6.774245 3.145920 2.869211 3.775820 6.548876 6.739316 3.808719 6.470586 4.195006 0.356246 1.629578 3.676667 1.956698 0.466494 4.940595 5.423825 0.760357 2.548158 2.629390 1.403866 5.725102 4.702701 2.050516 2.306647 6.970104 4.622707 
7.768708 1.366821 7.235388 5.238972 3.891465 0.908042 4.098292 5.806611 3.093555 3.305249 3.095837 6.222458 2.652654 4.351002 2.228353 5.600094 0.835774 3.256854 3.551117 2.163658 4.931795 4.826508 1.212040 4.755838 5.244709 0.909231 2.667938 0.284007 4.967631 6.930780 5.511383 2.270525 7.304452 7.416081 7.205453 0.339285 6.545871 1.910476 7.777726 2.353104 0.104792 4.579277 2.452279 2.350780 4.448363 3.260608 3.683117 4.682915 
2.285702 0.267445 3.387910 4.610981 2.426393 4.097137 2.082021 3.046041 7.140406 7.081289 0.990326 5.540966 5.767213 3.905907 1.052875 3.566413 5.707290 6.201551 3.942833 2.436693 6.542282 4.793433 6.284120 2.078850 2.110550 6.080981 1.896683 4.969588 3.261240 3.283902 7.778492 5.104010 5.950252 7.616517 4.924308 4.608984 5.673061 0.886181 5.534502 2.855700 0.291723 4.566902 1.000325 0.998815 4.427151 3.605368 4.959611 2.049747 
3.165606 1.867717 6.218552 2.626650 7.794686 7.810482 3.678326 0.605274 2.726030 6.277035 1.415804 0.301383 3.473229 3.105955 5.931828 0.516947 5.560050 3.533396 7.521059 2.916831 0.267187 5.271999 6.140144 1.508497 2.164632 2.532644 2.589481 0.987001 4.728008 0.492496 4.951629 5.479947 5.157051 1.935978 1.344977 7.832866 7.101689 0.889090 2.544352 3.483886 6.698112 3.890148 1.182915 1.415167 4.346120 6.403911 0.217585 0.965721 
3.422723 5.286002 7.868850 1.848976 5.513654 7.344050 4.032355 7.570355 0.859366 4.588613 5.035827 2.275314 5.498364 4.427670 5.150524 1.219825 6.341647 3.599490 2.451773 0.350965 7.228759 0.984023 5.056645 3.383726 2.834817 6.524845 1.759236 3.852552 1.747077 6.734540 5.622434 5.519880 0.881788 1.879024 0.149431 3.641946 4.552244 4.973833 6.035332 1.681215 2.519144 4.744686 3.645155 3.752909 7.318422 2.777174 1.095923 3.028525 
5.706938 3.551197 7.499170 1.900854 6.334373 1.413209 5.310211 7.214964 7.266103 0.570629 0.106286 2.138632 3.035023 2.564226 1.087987 7.112095 6.063209 2.582373 2.319182 6.580954 5.164579 1.605936 6.298369 6.980227 6.763371 4.358861 5.427592 4.519201 2.903422 4.854727 3.350672 6.002814 3.093933 1.348394 1.804866 0.434582 4.386980 6.467393 2.491156 7.722671 4.994043 2.764609 3.866255 3.264246 3.972803 1.942063 4.837066 5.484344 
2.722283 3.862548 7.719146 2.860061 1.422612 2.477596 4.212230 6.638510 2.927920 0.843578 2.604864 6.024515 1.930558 1.489603 1.069392 4.729377 2.120283 4.699056 3.579493 7.786299 5.721250 6.503104 6.217421 2.295230 5.596197 7.857079 4.088855 0.526840 5.763877 3.799442 5.073784 2.622446 7.415091 1.729165 3.987071 3.668927 7.549892 0.388303 5.162270 1.269710 6.776891 5.531693 1.921787 0.408158 6.843219 3.434944 0.047252 6.881959 
3.469047 2.980181 3.457795 5.481622 4.054893 6.378456 6.482224 0.523911 5.674542 4.058898 7.591188 2.497673 4.121682 2.001641 3.034707 1.980516 6.183170 2.819995 5.117048 2.456437 7.854451 4.432623 6.937417 5.207009 3.583715 1.065416 0.746956 0.276366 4.380834 0.344465 4.992711 1.317119 1.449240 5.213491 2.620500 4.730127 2.188814 1.033460 7.511519 0.123889 6.825786 3.842325 6.210214 1.600340 7.925289 1.169053 5.067419 5.981809 
4.390989 1.353887 1.497080 3.655612 7.564013 6.941311 4.068766 0.189081 4.292793 6.962278 5.926005 6.406895 6.415464 7.740831 2.296869 0.240457 4.858276 5.919269 1.206965 0.455366 3.350136 4.460408 1.453298 5.430058 3.337842 7.374616 2.649883 3.345093 3.886341 3.494026 6.635163 4.171684 4.501916 5.027999 2.317928 4.421506 1.053148 2.607216 5.610289 4.407085 7.087551 1.550173 6.199600 2.547075 3.228061 2.447986 3.549340 6.050611 
0.831927 0.736544 1.742071 1.837128 2.456941 7.074410 5.984532 1.774935 4.965404 1.454003 4.927263 4.081047 2.080473 0.809149 3.865854 2.106095 1.397462 3.302159 1.449288 6.288034 4.381649 5.391299 5.135438 2.664362 3.360373 6.421827 2.644078 3.328349 7.248035 0.683285 0.489061 1.933289 5.931136 7.665951 3.779165 3.331467 1.266767 7.572668 2.811060 2.166571 3.636875 0.770226 6.994633 4.740576 5.978599 3.533204 5.065950 0.343584 
7.391382 5.123594 4.118409 1.914352 3.045270 2.064899 5.084767 4.127400 1.723861 2.410461 5.414194 5.026956 5.434718 1.526111 5.285277 2.657476 7.860154 6.825270 2.278140 6.061380 7.323163 2.839379 4.326418 3.416713 6.814369 7.153926 0.026170 0.275861 2.545437 1.071835 2.577532 4.704064 3.271920 3.500578 6.063059 3.679379 6.352326 5.676015 2.146830 3.637160 6.345805 2.179898 1.123703 1.562583 6.546811 1.031901 1.797628 0.333059 
3.719305 1.021447 0.357982 0.525271 1.041952 2.006884 4.018954 5.255180 1.196914 6.588530 7.441243 0.628032 2.239645 3.239923 5.028210 6.273500 2.662262 1.659435 2.716415 0.597974 4.395189 4.216141 5.054655 3.121461 3.698153 2.108787 5.659374 3.976695 6.131883 1.287252 4.808776 1.650919 6.151117 0.187206 3.339117 3.084683 6.076014 2.463568 1.230450 3.805381 6.819153 4.398440 5.262077 4.958331 6.799756 3.345725 1.639749 1.003582 
0.811973 1.285072 4.472451 0.446688 2.115963 1.880436 4.888882 6.155599 6.711815 4.269067 3.335452 0.685638 4.282098 2.432590 7.040138 3.291144 0.128493 4.119545 3.804673 5.893836 6.840346 7.443081 4.004329 1.434078 1.654264 3.912158 4.571500 3.654494 5.137597 1.673908 7.754889 4.209400 0.030912 2.067390 6.776884 5.617466 5.639065 4.718836 0.507413 2.960853 3.752386 4.668224 2.744321 4.300796 2.859922 6.978008 6.468473 2.471667 
7.371267 3.222221 7.674517 1.911043 5.649420 1.802345 1.633779 2.112710 4.895032 3.115984 6.677671 2.355075 3.895384 2.126522 2.784382 1.728894 6.248107 3.296826 0.255142 6.936477 3.779113 3.154201 1.651381 3.713214 6.345559 7.480964 4.107692 1.097506 5.409232 6.350660 2.664410 3.425295 0.224316 1.219734 2.071013 5.325775 6.783944 1.165336 0.988374 5.934746 5.159533 0.743975 2.883968 4.642032 6.135363 0.350739 3.402348 0.104849 
4.953001 1.667380 2.764514 5.847005 1.418811 2.143015 1.983527 1.106417 4.553425 2.654249 6.254639 0.478625 7.935123 3.777644 0.878332 0.498503 6.569765 3.213060 1.973412 6.540823 6.218867 1.793602 0.266161 4.864918 7.767725 0.702243 3.232377 3.357775 1.220665 5.949278 1.309030 3.207519 6.412559 6.150671 7.660923 5.632302 3.995676 1.065902 2.278461 4.940680 5.088368 0.568691 2.430315 2.411149 7.963140 2.014947 4.499482 3.752645 
0.364947 5.303757 4.089032 1.830266 5.203163 5.418068 5.186637 3.119830 2.081906 7.139660 7.078342 0.350923 1.294032 4.374723 5.136512 1.864835 6.254245 3.960901 6.134549 1.409082 2.878283 0.616584 5.072223 4.263283 2.897324 5.906560 1.527913 2.893666 1.792612 0.957610 0.373990 3.180601 5.569191 7.531776 0.421021 0.967033 2.348133 1.963032 7.048837 3.164928 2.690392 2.943237 6.215292 2.468153 1.770609 5.345585 3.458163 4.917304 
5.610517 1.423836 4.379070 5.969375 3.541820 0.067749 6.798826 1.996033 3.019483 2.131560 5.334859 2.540260 3.164067 5.453447 6.338788 4.482581 4.494399 1.452511 5.570169 6.204455 4.059951 3.643095 4.209124 2.616252 3.022072 7.390136 1.927912 0.331788 6.802959 3.476850 0.782193 4.791890 1.182878 7.678315 3.086613 1.116055 6.638036 0.716388 2.083707 3.855714 3.008503 3.172641 5.543117 3.785660 4.893631 0.367650 1.987499 1.601230 
5.469777 0.701930 3.805556 5.911870 4.705372 2.795306 6.386872 1.444847 4.497336 0.113057 6.499241 2.666604 7.486288 0.775026 3.428250 0.405896 6.451775 4.435986 2.638933 2.425749 4.784947 7.776212 6.336527 0.064890 1.443471 3.272842 4.256655 1.844604 7.706495 3.605620 5.012549 4.839630 7.719351 1.921808 0.070041 4.289587 2.304918 0.607899 2.880957 3.927644 5.504020 2.087226 1.188897 1.975281 4.179995 3.993429 3.332544 4.995500 
5.918842 5.264663 7.245762 4.956435 1.849430 4.511437 0.651121 5.126093 1.510536 2.551902 3.628506 4.299419 4.477830 3.581351 2.474568 3.109049 6.007675 1.710742 7.486016 7.606648 5.735284 7.671644 3.340387 7.880024 4.684852 0.499846 4.982976 6.814364 7.495319 0.559778 7.933658 2.637394 5.608475 4.214148 3.584988 0.508920 0.400080 6.425734 3.870028 2.405231 6.033606 0.575742 5.804284 3.113907 1.820899 5.728928 3.249666 1.546949 
5.391343 3.627536 3.923458 1.276489 3.946979 6.627933 3.281840 2.835848 6.972882 3.528796 4.577135 7.420898 5.755285 5.484966 5.604934 2.240040 2.645605 5.038309 2.770506 6.068265 4.857874 5.935461 2.140265 7.015975 0.059360 0.109896 6.159627 4.274476 0.904429 5.943011 1.357772 4.905877 1.982716 3.881610 4.588450 2.794769 3.301354 4.258906 2.362662 0.650871 4.783499 4.858990 3.211607 7.509190 3.706814 5.605942 3.821399 0.238307 
2.362344 3.629526 7.364231 3.069989 3.692199 3.577906 4.943208 2.655649 5.692029 3.801672 2.877438 0.071134 0.157517 2.157757 5.720298 0.227793 0.311553 3.453097 5.464186 1.230489 7.447663 7.225502 6.420183 6.720033 1.014719 4.785014 3.806308 1.175637 7.860240 0.371783 7.785738 1.820815 6.055970 2.687137 1.914529 7.582362 1.384252 0.407051 6.620603 1.243561 2.768534 4.727863 2.941193 2.767340 1.981039 5.580334 3.940591 2.342760 
3.330854 2.513195 7.253814 7.689566 6.246151 4.646246 3.936682 3.475496 4.793345 1.197788 5.822975 0.648923 1.526131 4.413871 4.939220 6.889106 4.989732 4.206126 6.380512 1.538181 2.768908 4.110433 6.248902 6.164725 0.286292 0.338651 2.010676 0.753125 0.364766 6.205514 3.560073 0.720570 3.887329 4.678795 7.837936 0.725185 2.343698 5.083125 4.114525 6.166243 5.121606 5.632737 7.597189 3.046601 7.425283 1.865987 3.056989 5.975701 
1.955186 7.424922 4.212833 3.822327 7.336098 4.447735 6.204579 4.582218 2.858730 2.941446 5.604721 5.519230 5.818348 0.315283 2.305123 5.108589 5.140486 2.457145 2.171883 6.381530 3.963950 1.557115 6.120982 7.300124 5.257034 1.396264 3.138671 0.254485 4.788251 0.425561 2.920831 4.049249 3.482557 4.985494 0.981202 6.818519 7.636224 2.115203 0.560516 2.066836 6.505372 2.534681 5.365584 3.593706 1.079190 5.776987 1.123182 4.115566 
1.707787 2.800003 3.568667 3.286211 6.468842 3.847749 4.929626 7.932712 5.978699 7.324576 3.777930 6.757138 2.861228 0.009403 2.681098 6.296833 3.559523 1.192851 7.623436 0.990185 7.969388 5.646358 5.574525 4.750632 5.030273 1.677723 4.627395 2.830398 4.503167 4.062592 5.875368 2.717980 6.419694 1.736146 4.684489 5.678195 0.359458 0.509613 7.906839 2.886608 7.404116 7.378814 2.874321 5.141984 0.399009 1.699275 5.191343 0.418184 
6.986641 1.050071 6.131688 1.898437 7.139151 2.233146 1.179776 2.416865 3.432963 3.283697 3.241426 1.111451 5.038165 2.104627 0.353798 6.320927 5.446851 3.780773 2.260079 2.608513 4.628371 3.096943 6.483400 5.977960 1.629907 7.544359 3.847748 2.125275 4.126286 0.331865 0.036467 4.893079 1.424772 4.359333 4.377219 4.355481 5.115516 1.053524 2.233837 4.948347 5.652251 0.015555 1.739754 1.387834 2.395235 3.742657 2.279929 0.397799 
4.816957 6.122874 4.863962 4.552062 7.996272 1.175871 2.769060 7.788496 1.999502 2.836037 1.305730 1.970161 4.986435 2.194466 2.580435 5.708919 1.538639 6.165765 2.360840 1.791583 5.813663 3.107285 2.216461 4.461815 7.205449 1.927504 5.941267 7.879004 2.862403 0.452331 6.180570 0.401268 3.469927 4.557879 2.847061 6.684078 5.817682 1.526377 4.188748 3.124924 4.186412 7.211259 1.786228 7.230837 7.650843 0.053742 3.362289 1.543957 
5.261659 1.054829 7.838624 6.227256 5.065644 3.213815 3.976329 1.210910 2.925611 1.733241 4.994115 4.440413 5.910256 3.758496 3.032704 2.944558 7.520330 2.821632 7.519643 3.875706 4.689496 7.462267 0.363786 1.477880 5.955078 2.605280 6.668404 4.618440 2.675542 0.465978 5.050656 2.002268 7.716101 4.913104 6.354141 1.493139 5.584828 5.372689 0.903855 7.639046 5.099585 6.405343 4.105013 5.966688 0.077610 2.538955 4.044644 2.319122 
5.426356 1.382944 0.510228 1.054414 3.988994 5.838146 4.567169 6.786781 4.403268 4.610125 2.691303 0.972185 6.820868 3.334968 5.710924 2.413594 4.700572 2.573179 5.127464 5.683918 6.716890 2.116777 3.461044 0.064668 0.833526 7.573550 2.899423 4.993117 2.940717 2.354517 4.093768 1.371368 5.467010 4.570578 4.260577 3.472096 1.295153 3.859634 1.579295 6.829602 5.573134 3.522127 1.375951 2.366244 7.631381 1.308877 7.800419 5.657975 
6.855059 2.814090 0.149889 2.595149 3.244572 1.680151 4.028450 3.771777 7.052532 6.708736 3.760911 6.330992 2.271533 3.500605 7.880865 3.221592 5.861270 3.124378 3.998944 0.849558 1.910759 2.402395 4.824467 5.426076 0.514445 1.082791 3.865490 7.455010 1.089225 3.177073 5.222418 1.414667 5.810335 0.406555 6.890577 5.446692 4.771212 2.499937 0.292581 3.883008 5.857503 5.599540 7.227770 0.568492 2.472177 5.050022 1.810027 1.261628 
2.743273 0.432881 6.264790 4.744440 1.279641 7.730108 7.104436 3.275528 3.125030 1.503372 5.978503 6.949164 6.900042 2.196807 5.051190 3.850789 7.191017 5.258053 3.047820 3.096695 0.279462 3.953834 7.924691 7.430234 5.656197 2.579177 4.643373 6.045873 6.588354 0.597188 3.638733 7.131408 5.748234 5.680772 7.717379 1.210135 4.908361 4.963515 3.470937 5.277362 4.385440 2.689954 1.023991 0.930442 4.790929 1.597091 5.923538 1.545319 
